cost_term_inner =

   1241.136
   1183.538
   1144.536
   1203.055
   1218.806
   1233.697
   1166.918
   1217.903
   1159.369
   1157.370
   1225.034
   1215.159
   1294.900
   1225.611
   1269.323
   1175.709
   1247.330
   1275.795
   1263.800
   1238.652
   1289.733
   1137.171
   1252.115
   1133.948
   1178.990
   1257.143
   1137.975
   1228.807
   1204.495
   1196.484
   1095.944
   1232.071
   1260.073
   1300.477
   1294.519
   1240.131
   1289.912
   1294.346
   1261.804
   1317.478
   1258.880
   1305.248
   1159.126
   1231.701
   1274.147
   1232.506
   1312.341
   1292.069
   1282.118
   1197.341
   1275.530
   1257.567
   1248.846
   1074.292
   1117.602
   1300.654
   1072.750
   1198.569
   1171.775
   1226.519
   1228.466
   1277.744
   1195.732
   1194.270
   1261.669
   1049.388
   1091.738
   1283.530
   1243.548
   1239.205
   1251.821
   1099.189
   1275.284
   1279.858
   1165.070
   1155.994
   1266.921
   1317.476
   1277.789
   1266.871
   1173.620
   1221.143
   1275.909
   1287.389
   1149.109
   1216.607
   1113.020
   1103.326
   1265.778
   1090.440
   1282.799
   1206.937
   1111.542
   1156.989
   1144.639
   1245.172
   1166.755
   1140.835
   1169.777
   1244.820
   1142.400
   1117.536
   1233.656
   1165.029
   1159.585
   1216.866
   1245.285
   1268.968
   1264.461
   1237.921
   1277.950
   1195.981
   1047.068
   1209.024
   1149.442
   1311.779
   1188.043
   1227.150
   1254.233
   1168.716
   1166.478
   1091.367
   1182.885
   1182.866
   1130.018
   1274.622
   1251.609
   1275.545
   1300.871
   1104.880
   1249.117
   1074.444
   1249.080
   1079.287
   1174.539
   1057.339
   1256.842
   1239.825
   1218.123
   1279.205
   1258.408
   1309.995
    981.346
   1280.579
   1226.025
   1232.728
   1133.837
   1204.810
   1214.462
   1145.402
   1101.251
   1268.345
   1163.890
   1272.731
   1205.442
   1182.957
   1310.489
   1313.361
   1220.676
   1296.205
   1293.957
   1203.500
   1267.699
   1302.021
   1215.126
   1168.046
   1244.799
   1250.892
   1322.377
   1267.705
   1262.750
   1162.807
   1301.441
   1263.875
   1287.838
   1260.889
   1226.577
   1189.454
   1270.251
   1288.944
   1159.304
   1291.093
   1130.789
   1278.495
   1293.215
   1174.797
   1170.367
   1253.710
   1286.461
   1270.203
   1307.489
   1292.065
   1298.396
   1271.880
   1249.161
   1247.874
   1152.270
   1281.335
   1268.854
   1289.830
   1192.950
   1243.869
   1246.868
   1151.185
   1282.521
   1287.592
   1282.558
   1113.258
   1110.430
   1204.842
   1164.772
   1278.348
   1266.120
   1251.846
   1106.793
   1267.771
   1114.940
   1220.330
   1218.950
   1316.139
   1149.662
   1165.368
   1294.469
   1275.839
   1295.676
   1279.270
   1252.205
   1317.086
   1119.436
   1194.788
   1212.651
   1310.554
   1290.042
   1288.667
   1232.144
   1280.772
   1180.183
   1139.593
   1165.467
   1215.330
   1302.250
   1185.584
   1148.866
   1251.857
   1200.077
   1261.574
   1169.871
   1264.103
   1189.399
   1290.966
   1247.140
   1293.847
   1279.480
   1257.738
   1221.546
   1293.856
   1166.861
   1107.643
   1264.242
   1184.644
   1255.270
    987.775
   1229.694
   1209.520
   1277.165
   1073.319
   1248.776
   1137.964
   1283.978
   1224.134
   1281.851
   1221.475
   1205.543
   1234.807
   1221.814
   1118.265
   1225.275
   1272.794
   1295.978
   1279.789
   1213.141
   1199.438
   1126.301
   1255.658
   1268.300
   1127.981
   1266.809
   1245.096
   1279.783
   1215.507
   1292.730
   1322.474
   1168.317
   1216.274
   1173.722
   1192.991
   1235.248
   1282.477
   1267.709
   1283.107
   1277.286
   1214.683
   1248.550
   1296.407
   1267.203
   1177.738
   1151.323
   1083.504
   1275.483
   1239.444
   1269.725
   1210.943
   1314.652
   1250.597
   1279.758
   1220.116
   1080.647
   1191.921
   1230.802
   1235.951
   1139.039
   1292.938
   1202.350
   1226.156
   1303.922
   1255.438
   1195.345
   1171.985
   1151.293
   1116.372
   1159.806
   1260.147
   1257.129
   1219.169
   1235.349
   1310.065
   1186.339
   1249.811
   1316.731
   1253.792
   1277.729
   1218.500
   1218.293
   1257.140
   1215.607
   1278.471
   1223.413
   1263.165
   1222.132
   1130.106
   1236.299
   1063.917
   1082.039
   1243.394
   1278.269
   1279.905
   1173.875
   1196.052
   1253.033
   1265.000
   1261.167
   1273.811
   1185.177
   1182.040
   1244.123
   1226.101
   1199.538
   1115.816
   1289.784
   1273.117
   1141.252
   1161.862
   1217.184
   1205.397
   1239.427
   1241.696
   1249.877
   1203.382
   1274.921
   1293.081
   1226.192
   1207.015
   1253.103
   1236.692
   1297.400
   1241.962
   1324.380
   1288.027
   1118.336
   1209.773
   1195.566
   1321.116
   1027.083
   1213.809
   1281.582
   1285.597
   1133.826
   1294.819
   1265.931
   1236.958
   1235.317
   1103.090
   1281.538
   1120.919
   1243.863
   1119.467
   1212.251
   1234.320
   1112.169
   1237.137
   1179.730
   1228.443
   1164.020
   1116.046
   1249.829
   1252.152
   1267.037
   1285.460
   1283.887
   1236.602
   1267.993
   1163.250
   1235.759
   1259.729
   1218.901
   1285.559
   1072.656
   1190.480
   1160.049
   1292.162
   1278.260
   1242.090
   1212.203
   1323.046
   1247.256
   1299.153
   1308.171
   1183.502
   1318.830
   1241.933
   1242.888
   1158.085
   1309.524
   1242.021
   1312.533
   1262.745
   1204.174
   1295.089
   1266.890
   1238.285
   1169.066
   1194.307
   1158.820
   1085.393
   1280.576
   1325.199
   1133.482
   1229.558
   1211.055
   1137.853
   1113.488
   1145.958
   1217.888
   1261.497
   1322.526
   1219.528
   1215.308
   1237.962
   1216.089
   1263.671
   1184.939
   1103.284
   1269.573
   1271.766
   1294.819
   1246.708
   1292.522
   1316.075
   1186.086
   1308.445
   1209.771
   1330.167
   1270.896
   1213.544
   1075.981
   1309.573
   1178.378
   1265.194
   1021.519
   1293.763
   1282.716
   1239.155
   1330.338
   1262.020
   1312.027
   1240.526
   1209.801
   1266.962
   1145.635
   1173.872
     58.249
     54.442
     54.077
     54.984
     57.876
     47.911
     55.860
     57.328
     57.150
     51.571
     55.114
     57.121
     55.815
     53.547
     54.890
     52.647
     55.788
     54.747
     55.590
     54.105
     55.536
     49.304
     55.404
     54.970
     56.954
     55.256
     53.240
     56.888
     56.629
     56.090
     55.831
     56.977
     55.108
     53.217
     55.091
     55.829
     52.470
     53.707
     54.606
     55.859
     55.872
     57.972
     57.474
     57.885
     57.117
     57.920
     53.526
     55.073
     54.430
     52.211
     57.223
     54.757
     53.782
     55.525
     55.912
     56.794
     56.251
     55.572
     54.791
     57.584
     53.331
     49.138
     56.471
     55.069
     51.815
     54.992
     56.446
     55.444
     53.043
     51.505
     55.240
     54.265
     54.046
     57.040
     55.299
     56.248
     57.961
     54.708
     58.001
     50.569
     56.668
     55.115
     56.395
     55.377
     54.929
     59.321
     54.458
     55.192
     57.247
     57.174
     55.163
     57.902
     52.298
     58.275
     56.153
     56.754
     55.078
     55.404
     56.312
     56.791
     55.670
     55.697
     54.751
     49.961
     58.348
     57.706
     58.673
     58.173
     55.118
     56.585
     58.055
     57.302
     56.937
     52.215
     53.399
     56.309
     53.755
     55.534
     53.836
     55.359
     52.874
     53.561
     57.718
     54.981
     54.857
     53.909
     55.493
     50.512
     52.711
     55.107
     57.164
     54.950
     55.356
     55.217
     52.268
     55.021
     55.011
     48.040
     54.407
     55.296
     55.589
     54.058
     57.311
     55.399
     55.452
     55.811
     55.292
     53.230
     52.990
     54.653
     54.659
     55.839
     52.974
     53.748
     56.021
     53.745
     55.289
     55.975
     54.742
     51.518
     55.917
     55.081
     57.159
     57.526
     55.938
     52.433
     55.059
     54.961
     53.612
     55.997
     54.684
     56.844
     55.440
     58.272
     55.910
     47.307
     54.690
     54.344
     58.856
     56.276
     57.413
     52.951
     54.605
     56.296
     55.283
     55.247
     54.789
     54.806
     50.701
     54.542
     53.517
     52.285
     54.017
     53.298
     56.375
     53.229
     54.938
     53.241
     55.409
     54.105
     52.242
     54.711
     55.468
     56.340
     53.908
     55.005
     55.349
     55.096
     54.147
     55.099
     54.385
     53.610
     53.615
     56.331
     57.448
     55.187
     55.183
     55.974
     55.447
     55.231
     55.180
     53.935
     55.099
     55.555
     49.823
     56.580
     58.182
     53.740
     54.867
     51.515
     56.258
     55.435
     55.437
     55.219
     51.774
     55.463
     55.409
     54.862
     55.168
     54.521
     57.589
     54.409
     54.106
     55.270
     52.263
     51.449
     55.626
     54.796
     56.596
     54.334
     54.764
     52.785
     55.004
     53.574
     54.597
     54.501
     58.107
     55.045
     55.650
     50.360
     55.724
     54.941
     55.516
     57.369
     58.227
     58.825
     56.683
     53.525
     52.666
     58.573
     52.980
     57.092
     48.960
     54.408
     53.270
     58.648
     55.414
     58.018
     53.481
     56.322
     53.838
     56.362
     55.074
     58.952
     54.854
     55.568
     56.106
     54.464
     54.543
     55.886
     54.854
     57.330
     52.600
     56.560
     57.023
     53.873
     52.192
     57.429
     55.022
     56.058
     58.585
     57.040
     56.972
     54.297
     54.240
     54.074
     56.176
     54.171
     52.537
     54.577
     53.762
     55.737
     55.813
     56.360
     55.651
     53.090
     55.711
     52.809
     51.828
     51.726
     55.465
     50.850
     53.118
     56.420
     55.796
     54.915
     54.331
     56.767
     51.001
     53.286
     55.625
     56.594
     53.598
     55.410
     55.625
     57.096
     52.033
     54.013
     53.473
     55.744
     52.147
     57.139
     55.388
     55.575
     48.853
     54.342
     56.930
     57.706
     56.804
     54.730
     54.740
     52.363
     55.080
     55.906
     53.847
     57.363
     55.829
     56.788
     54.006
     54.891
     54.746
     54.329
     56.273
     54.348
     55.214
     53.588
     55.325
     58.570
     54.929
     56.287
     57.053
     56.709
     56.628
     54.297
     52.467
     56.013
     56.830
     55.830
     53.624
     55.773
     57.376
     54.434
     55.207
     52.543
     50.550
     54.272
     55.711
     55.695
     56.473
     55.767
     51.939
     54.695
     54.249
     54.179
     53.005
     55.028
     56.281
     55.209
     54.722
     56.668
     56.449
     54.894
     53.818
     53.965
     55.232
     55.504
     58.296
     55.562
     51.029
     55.707
     52.533
     55.503
     56.094
     56.974
     58.774
     57.050
     55.073
     51.649
     55.231
     54.465
     55.766
     54.921
     54.851
     51.674
     55.020
     57.001
     55.525
     55.890
     52.998
     55.692
     57.452
     56.336
     52.043
     55.631
     59.134
     54.362
     54.607
     56.309
     56.031
     54.623
     55.536
     53.006
     55.908
     55.123
     55.697
     52.918
     55.110
     57.389
     49.272
     57.407
     55.803
     51.705
     51.549
     57.254
     55.961
     57.478
     56.835
     57.777
     53.051
     53.605
     57.440
     56.645
     54.589
     55.453
     51.060
     53.587
     55.615
     56.405
     55.609
     53.851
     56.091
     55.945
     54.642
     56.762
     55.236
     53.216
     57.582
     55.055
     57.706
     55.677
     55.061
     58.433
     59.258
     57.769
     54.734
     57.602
     53.405
     57.294
     56.077
     54.237
     56.133
     56.423
     56.217
     56.949
     53.420
     55.236
     50.913
     52.819
     56.216
     53.779
    176.493
    194.420
    189.593
    195.648
    187.222
    190.315
    151.387
    195.151
    204.021
    184.010
    169.807
    185.872
    189.529
    183.181
    177.219
    172.953
    174.180
    172.634
    175.165
    181.554
    198.897
    195.021
    188.827
    191.377
    195.080
    170.329
    173.327
    195.959
    189.725
    193.926
    176.326
    180.363
    192.850
    196.206
    187.732
    194.343
    185.750
    199.358
    194.231
    183.624
    183.299
    173.358
    193.344
    186.244
    196.670
    169.321
    174.862
    181.964
    181.257
    177.791
    189.784
    184.125
    185.642
    207.042
    199.690
    176.174
    175.817
    158.455
    169.909
    197.604
    208.318
    182.258
    165.127
    187.168
    178.259
    194.996
    175.035
    169.923
    184.916
    179.635
    184.686
    175.574
    197.846
    187.373
    164.424
    184.566
    190.279
    179.329
    173.038
    194.353
    187.580
    162.389
    163.845
    175.207
    195.953
    191.486
    176.242
    182.932
    194.673
    157.503
    196.415
    198.478
    182.565
    177.571
    170.008
    162.635
    183.871
    186.724
    171.587
    203.040
    176.203
    169.760
    186.914
    188.965
    202.784
    173.138
    171.774
    195.048
    170.842
    183.592
    181.539
    181.691
    156.914
    170.910
    167.091
    184.777
    192.164
    201.785
    196.683
    161.454
    193.980
    190.162
    191.211
    173.440
    201.578
    175.745
    174.932
    189.141
    165.092
    192.278
    156.869
    167.216
    192.899
    173.319
    187.611
    197.453
    197.770
    186.269
    179.620
    205.434
    181.959
    164.569
    193.592
    175.122
    195.433
    163.854
    176.487
    171.645
    182.823
    206.343
    165.855
    169.459
    176.927
    166.963
    195.865
    161.760
    195.985
    174.406
    183.163
    192.418
    203.881
    200.831
    204.573
    192.247
    184.088
    195.888
    197.380
    191.599
    200.320
    171.600
    183.779
    200.816
    203.368
    196.257
    196.557
    184.566
    191.381
    198.868
    205.941
    169.857
    167.586
    174.023
    184.160
    176.015
    178.192
    178.249
    203.227
    170.325
    190.142
    173.225
    173.663
    192.725
    197.924
    191.080
    196.616
    177.963
    170.105
    189.995
    186.069
    191.612
    199.487
    182.537
    188.422
    189.497
    192.817
    178.913
    194.447
    178.217
    191.425
    194.606
    193.054
    187.830
    206.025
    162.842
    199.506
    195.225
    204.447
    177.149
    192.864
    197.578
    199.633
    206.349
    192.530
    197.417
    177.320
    201.449
    199.904
    180.049
    179.146
    197.838
    171.393
    189.786
    200.674
    199.477
    187.253
    176.311
    196.505
    193.705
    201.375
    184.117
    196.324
    179.351
    196.251
    182.363
    205.789
    187.365
    188.232
    192.109
    182.043
    193.196
    173.085
    191.775
    180.740
    183.008
    189.604
    191.140
    184.655
    188.909
    200.121
    203.054
    199.000
    190.890
    195.548
    195.311
    179.043
    181.627
    190.744
    178.703
    198.816
    212.134
    172.460
    176.007
    190.903
    184.483
    204.661
    175.368
    191.776
    176.486
    193.815
    193.531
    191.186
    181.460
    194.997
    192.381
    188.973
    192.788
    193.152
    199.413
    198.386
    192.471
    174.581
    188.446
    165.106
    182.641
    183.511
    197.851
    209.005
    178.540
    187.023
    193.446
    200.708
    186.082
    182.213
    187.365
    201.236
    192.243
    191.134
    184.005
    188.583
    197.335
    189.983
    176.248
    198.584
    183.798
    200.907
    180.448
    185.351
    170.352
    204.308
    192.854
    173.840
    189.800
    190.118
    178.184
    203.000
    181.817
    190.362
    179.725
    200.143
    191.116
    194.100
    174.312
    182.894
    198.786
    194.573
    187.409
    190.676
    197.092
    193.720
    185.046
    167.310
    188.463
    181.649
    189.417
    185.666
    185.372
    174.530
    179.169
    174.808
    190.493
    176.467
    190.542
    198.632
    192.533
    186.212
    191.422
    176.590
    179.557
    182.382
    182.330
    185.211
    200.838
    186.665
    147.036
    193.390
    197.637
    193.608
    195.637
    184.171
    201.987
    192.491
    188.938
    176.509
    189.326
    181.642
    187.177
    188.813
    193.389
    188.466
    191.876
    179.447
    191.484
    188.615
    179.940
    189.828
    188.873
    209.531
    193.698
    196.066
    188.215
    195.932
    195.804
    204.612
    181.108
    176.602
    193.752
    180.510
    158.268
    196.913
    178.205
    181.565
    186.838
    191.130
    178.426
    192.664
    197.568
    163.279
    186.210
    160.758
    180.934
    152.966
    172.583
    172.104
    168.266
    180.018
    181.802
    188.747
    182.213
    197.024
    167.936
    189.359
    187.098
    178.570
    169.340
    184.238
    186.862
    195.374
    203.933
    197.088
    183.715
    189.692
    181.771
    188.890
    177.993
    177.524
    190.960
    187.676
    172.697
    187.188
    198.240
    165.034
    188.138
    188.072
    167.912
    196.621
    181.302
    188.850
    190.731
    193.295
    173.774
    196.897
    197.138
    207.367
    156.674
    199.993
    177.780
    196.406
    190.211
    188.685
    173.302
    185.466
    162.513
    198.339
    170.090
    193.928
    187.264
    185.838
    199.911
    202.135
    210.678
    195.777
    203.061
    194.074
    199.946
    196.924
    210.266
    165.343
    184.291
    180.061
    179.236
    178.142
    197.255
    167.345
    197.343
    172.222
    177.412
    210.137
    189.182
    173.345
    196.205
    147.568
    195.533
    181.614
    186.725
    181.623
    179.441
    175.597
    176.815
    193.448
    192.243
    343.573
    318.952
    349.016
    364.593
    292.856
    326.344
    315.122
    307.950
    321.051
    287.375
    322.155
    332.241
    344.042
    336.128
    335.803
    320.699
    353.034
    332.293
    337.661
    323.674
    325.817
    327.647
    317.829
    344.547
    285.098
    339.705
    344.410
    272.590
    293.607
    333.174
    345.105
    354.636
    320.264
    337.904
    330.922
    309.456
    320.846
    332.390
    322.857
    326.533
    348.111
    327.881
    309.800
    314.221
    334.130
    306.619
    344.675
    320.961
    336.186
    337.373
    313.703
    293.101
    302.794
    317.751
    347.710
    354.534
    283.836
    297.443
    297.732
    312.847
    319.433
    314.383
    329.221
    291.753
    277.364
    322.171
    318.732
    314.798
    311.818
    334.740
    283.575
    306.263
    304.310
    277.651
    300.057
    319.336
    284.229
    303.366
    293.872
    289.806
    298.743
    357.759
    346.719
    295.572
    328.562
    331.829
    338.265
    312.958
    284.243
    330.128
    315.469
    325.394
    293.853
    290.147
    292.976
    297.708
    309.847
    295.713
    289.765
    327.974
    311.235
    299.598
    274.159
    327.118
    322.811
    316.844
    299.797
    314.194
    328.119
    281.361
    314.450
    287.294
    288.245
    346.558
    300.308
    262.386
    312.927
    296.670
    282.920
    305.297
    324.321
    312.806
    332.423
    340.403
    329.171
    326.850
    287.868
    300.101
    311.779
    281.519
    300.008
    315.802
    305.059
    335.666
    349.369
    305.309
    323.784
    312.361
    318.586
    322.446
    305.171
    296.227
    277.697
    326.806
    310.045
    288.956
    341.593
    348.754
    341.206
    327.486
    297.262
    322.919
    319.449
    306.712
    332.662
    302.471
    322.456
    313.560
    290.535
    306.842
    318.282
    317.601
    309.191
    338.845
    308.064
    319.254
    303.657
    342.547
    312.710
    325.859
    297.011
    297.878
    344.815
    314.422
    308.341
    344.305
    327.152
    293.504
    305.745
    311.982
    341.891
    272.896
    310.120
    333.602
    295.878
    303.766
    295.901
    331.181
    316.142
    292.360
    327.960
    313.755
    316.007
    292.436
    280.544
    293.788
    304.874
    271.392
    331.602
    300.966
    295.630
    340.706
    326.308
    289.708
    311.536
    327.266
    307.946
    282.822
    344.191
    343.446
    306.465
    333.539
    334.893
    340.331
    340.978
    337.525
    318.187
    344.017
    342.995
    280.968
    350.333
    352.381
    299.017
    346.651
    336.426
    267.078
    330.393
    328.947
    313.683
    309.549
    304.998
    306.801
    270.663
    318.421
    304.360
    338.208
    309.944
    331.376
    345.849
    324.556
    316.721
    330.881
    356.134
    332.618
    320.340
    312.350
    323.533
    311.886
    297.438
    329.430
    318.677
    289.509
    319.956
    339.045
    316.509
    314.725
    339.000
    308.182
    314.977
    342.200
    298.192
    322.913
    304.362
    308.773
    311.154
    334.204
    299.050
    323.272
    291.348
    308.438
    312.782
    308.977
    297.432
    320.579
    317.346
    334.566
    308.691
    354.003
    309.098
    343.128
    296.574
    305.793
    328.652
    329.499
    345.686
    307.872
    325.220
    317.306
    320.372
    321.855
    320.177
    301.257
    311.874
    311.133
    327.591
    335.230
    328.223
    351.478
    287.397
    349.163
    281.947
    295.934
    326.149
    317.209
    292.599
    336.720
    275.304
    346.875
    314.566
    324.170
    303.641
    313.860
    314.740
    306.817
    300.466
    329.103
    342.166
    296.286
    293.791
    314.343
    311.261
    285.861
    324.133
    293.466
    330.986
    320.404
    323.620
    330.509
    293.477
    344.442
    334.602
    339.118
    342.628
    329.502
    333.702
    328.894
    320.843
    314.314
    331.625
    327.905
    349.656
    291.507
    336.941
    337.078
    342.840
    322.720
    330.483
    308.188
    335.886
    317.520
    304.526
    333.137
    320.049
    328.531
    330.069
    340.180
    347.946
    354.556
    292.419
    346.483
    350.551
    326.171
    327.846
    321.702
    345.112
    299.747
    315.555
    338.997
    312.185
    312.721
    326.737
    301.716
    341.205
    290.428
    308.560
    311.675
    297.210
    298.965
    318.559
    305.604
    355.173
    304.652
    307.895
    334.236
    369.068
    327.147
    283.279
    310.600
    331.816
    297.713
    313.044
    338.992
    324.991
    314.026
    346.367
    307.193
    315.653
    289.257
    311.471
    290.055
    328.390
    344.242
    322.113
    316.662
    305.023
    296.786
    314.907
    341.809
    340.218
    337.529
    346.048
    321.360
    295.948
    342.455
    333.912
    324.833
    298.834
    337.472
    306.025
    301.630
    305.914
    316.968
    299.468
    282.455
    319.029
    316.526
    308.261
    319.006
    302.527
    332.456
    331.367
    304.157
    325.266
    288.858
    325.423
    319.977
    314.677
    307.661
    310.399
    308.264
    311.051
    318.034
    329.757
    310.666
    332.211
    305.453
    313.511
    336.729
    345.063
    310.908
    320.548
    320.387
    329.423
    334.481
    295.770
    311.371
    322.173
    327.636
    292.361
    284.317
    304.737
    340.206
    330.517
    283.187
    363.750
    344.582
    310.928
    297.123
    280.355
    341.249
    314.510
    360.760
    284.560
    340.146
    312.655
    338.287
    288.752
    316.535
    328.590
    329.356
    340.725
    268.866
    355.000
    352.488
    353.219
    318.427
    330.404
    326.902
    353.332
    331.729
    337.939
    308.176
    329.129
    325.989
    325.311
    311.787
    322.989
    343.004
    334.722
    299.177
    404.819
    421.272
    433.332
    430.469
    375.385
    433.989
    426.782
    401.106
    392.031
    442.090
    430.830
    452.707
    410.349
    428.281
    440.794
    437.929
    380.182
    405.602
    443.814
    443.242
    424.159
    449.279
    419.288
    474.890
    465.417
    458.781
    435.112
    456.710
    468.224
    391.184
    449.138
    457.898
    422.005
    475.379
    441.969
    446.383
    426.659
    401.658
    439.224
    468.828
    459.326
    465.904
    450.376
    438.287
    453.103
    391.152
    453.566
    362.866
    441.513
    426.112
    462.595
    432.043
    431.522
    434.538
    446.888
    440.689
    415.466
    427.723
    408.286
    397.717
    425.853
    439.721
    412.003
    436.391
    380.783
    421.171
    423.779
    403.168
    401.010
    435.889
    422.607
    396.832
    424.280
    431.488
    409.376
    424.466
    406.845
    386.623
    404.901
    393.688
    457.941
    438.657
    386.441
    464.854
    392.473
    453.802
    436.612
    429.348
    425.471
    444.256
    454.085
    426.838
    389.635
    409.649
    445.786
    422.995
    454.710
    444.216
    443.258
    440.362
    435.472
    448.167
    453.758
    435.488
    410.977
    367.834
    429.247
    427.956
    378.935
    400.570
    416.606
    425.848
    387.324
    419.318
    435.268
    430.429
    409.819
    410.485
    387.922
    407.966
    426.060
    425.077
    427.161
    429.884
    447.221
    445.661
    475.887
    426.076
    424.415
    458.681
    437.827
    436.477
    429.643
    399.059
    415.553
    421.201
    442.024
    429.898
    445.529
    418.244
    453.393
    430.092
    443.903
    426.616
    470.163
    453.982
    467.590
    408.717
    407.083
    404.018
    471.220
    400.338
    416.148
    427.336
    437.585
    407.203
    402.278
    393.174
    448.599
    427.553
    443.487
    421.466
    432.892
    410.084
    409.042
    433.613
    346.140
    441.810
    396.609
    398.541
    430.641
    434.412
    457.743
    445.072
    430.348
    461.897
    456.873
    442.761
    440.792
    435.715
    440.403
    451.858
    458.631
    442.725
    387.391
    450.620
    457.007
    392.180
    454.462
    443.184
    413.646
    430.852
    426.477
    411.752
    370.484
    355.547
    385.370
    445.102
    430.007
    416.063
    447.632
    402.927
    455.825
    465.427
    480.157
    445.064
    398.560
    426.810
    428.703
    468.932
    428.078
    421.765
    455.856
    368.635
    432.763
    441.621
    438.451
    414.351
    411.786
    454.894
    390.417
    446.212
    479.687
    455.720
    396.130
    439.285
    477.751
    433.154
    459.955
    449.578
    409.355
    426.948
    436.069
    472.856
    404.599
    449.641
    437.686
    420.147
    393.775
    429.672
    366.696
    421.561
    438.732
    457.746
    395.294
    431.544
    435.871
    449.336
    445.022
    416.341
    417.508
    450.502
    438.403
    399.067
    463.949
    432.612
    424.938
    407.945
    440.399
    397.518
    455.648
    420.402
    433.205
    357.014
    442.300
    396.592
    436.720
    412.641
    434.899
    404.872
    410.454
    386.407
    436.363
    431.282
    446.861
    438.776
    439.806
    420.822
    434.051
    438.598
    428.574
    428.863
    390.805
    430.011
    442.701
    478.380
    389.696
    461.811
    418.118
    431.967
    404.586
    451.272
    449.633
    452.223
    399.948
    453.327
    427.080
    436.327
    436.161
    456.937
    434.817
    428.941
    462.132
    428.567
    407.784
    408.293
    423.582
    447.229
    458.832
    463.909
    442.415
    436.960
    405.514
    434.005
    387.809
    453.618
    402.785
    449.477
    411.429
    421.050
    458.582
    465.452
    441.444
    455.913
    423.924
    445.337
    417.775
    430.121
    413.705
    439.343
    403.355
    384.508
    443.282
    439.270
    386.903
    460.973
    416.848
    437.542
    406.737
    438.566
    451.586
    439.355
    454.566
    425.960
    445.807
    438.808
    401.294
    450.065
    397.439
    419.130
    438.839
    432.831
    398.037
    432.416
    445.314
    441.521
    456.123
    446.266
    442.527
    401.768
    451.665
    351.717
    398.503
    443.701
    424.850
    402.285
    393.262
    408.617
    398.072
    425.032
    405.990
    435.059
    416.945
    430.251
    419.985
    403.616
    417.192
    417.900
    412.207
    391.950
    405.009
    441.759
    427.971
    438.699
    408.114
    433.348
    438.164
    395.812
    407.118
    450.356
    448.589
    444.707
    437.404
    406.681
    450.238
    439.211
    463.164
    427.763
    440.970
    411.995
    428.679
    413.513
    450.538
    448.035
    459.072
    429.901
    411.146
    407.754
    403.723
    437.940
    442.784
    462.295
    442.414
    449.379
    381.561
    442.796
    405.613
    466.629
    407.172
    437.594
    431.765
    442.484
    440.195
    441.984
    411.760
    415.400
    442.140
    411.255
    391.945
    425.051
    456.025
    426.384
    457.062
    445.133
    410.636
    459.150
    455.358
    431.671
    417.013
    432.937
    430.900
    461.503
    404.885
    443.139
    395.703
    441.164
    429.520
    413.054
    398.774
    443.524
    446.310
    453.938
    368.694
    392.625
    416.033
    433.385
    422.455
    432.196
    436.599
    449.562
    398.112
    432.644
    431.668
    417.998
    406.161
    464.527
    423.426
    403.224
    421.392
    439.021
    448.267
    440.848
    455.151
    427.651
    446.077
    428.852
    376.848
    452.005
    448.540
    397.700
    427.164
    466.969
    458.892
    445.356
    388.321
    459.144
    389.316
    408.444
    399.649
    430.082
    401.382
    440.510
    470.182
    433.202
    428.649
    403.356
    428.703
    458.633
    396.582
    488.850
    597.420
    487.447
    505.897
    603.090
    490.906
    472.235
    479.899
    513.899
    554.359
    475.557
    539.917
    571.681
    544.747
    587.562
    598.301
    555.677
    546.136
    526.310
    606.932
    551.743
    530.305
    596.735
    482.350
    509.549
    573.869
    554.690
    595.174
    520.817
    556.656
    554.163
    564.563
    563.865
    504.822
    546.029
    477.736
    507.504
    637.683
    579.612
    585.756
    551.734
    638.243
    602.487
    540.379
    525.421
    564.072
    476.629
    559.039
    564.777
    641.407
    523.595
    571.872
    533.554
    467.801
    597.475
    569.708
    551.540
    483.876
    522.720
    565.131
    587.860
    523.349
    603.313
    624.766
    619.631
    571.300
    598.454
    580.748
    573.239
    562.399
    503.909
    473.203
    577.026
    556.667
    576.233
    527.344
    556.673
    582.557
    574.587
    442.137
    620.933
    461.196
    594.993
    495.877
    521.003
    506.688
    596.579
    467.887
    606.988
    615.227
    569.937
    550.438
    519.511
    538.536
    528.908
    571.594
    556.607
    542.027
    563.738
    455.210
    548.948
    511.022
    433.585
    460.824
    576.628
    608.853
    598.879
    557.529
    552.470
    572.101
    596.680
    550.767
    546.355
    512.354
    522.259
    609.815
    578.883
    495.535
    574.248
    592.691
    468.583
    497.923
    599.521
    517.067
    650.828
    472.445
    607.378
    566.545
    591.507
    551.436
    464.251
    546.102
    507.262
    524.842
    474.299
    556.705
    549.156
    597.129
    495.768
    576.005
    565.432
    544.895
    599.654
    616.550
    532.473
    580.063
    496.905
    558.069
    618.293
    566.309
    556.166
    581.688
    539.917
    552.632
    592.459
    570.979
    589.770
    549.046
    553.496
    568.982
    546.115
    562.687
    577.711
    600.653
    559.653
    604.047
    629.429
    538.383
    552.901
    600.252
    594.566
    584.709
    595.558
    606.498
    577.006
    580.595
    553.545
    589.169
    606.277
    561.544
    616.262
    478.099
    528.801
    593.509
    605.659
    585.043
    574.961
    560.479
    593.380
    596.942
    582.191
    611.893
    614.310
    601.620
    560.526
    635.375
    580.599
    616.882
    561.248
    586.609
    511.973
    475.456
    527.844
    561.344
    511.408
    547.941
    597.067
    622.848
    575.004
    582.859
    550.987
    531.560
    617.605
    606.588
    615.704
    578.483
    529.554
    539.305
    543.353
    567.541
    537.681
    559.853
    568.555
    593.253
    518.611
    548.089
    505.992
    580.466
    584.669
    613.256
    558.668
    577.473
    498.916
    504.326
    573.409
    587.293
    566.522
    589.800
    620.223
    589.925
    505.965
    479.773
    614.092
    583.679
    627.343
    562.993
    548.141
    564.981
    449.711
    649.293
    597.479
    518.386
    556.761
    572.673
    544.317
    595.571
    593.137
    583.386
    615.423
    601.059
    534.677
    616.613
    591.149
    613.493
    613.610
    537.469
    570.750
    563.992
    572.595
    579.982
    551.698
    544.752
    572.290
    575.085
    582.339
    522.937
    603.711
    638.641
    558.561
    532.418
    526.422
    599.885
    594.053
    609.374
    589.392
    593.576
    568.662
    564.196
    569.206
    546.606
    564.941
    529.680
    598.711
    634.693
    590.133
    539.259
    579.968
    558.399
    580.654
    528.674
    535.448
    609.617
    610.599
    634.916
    611.470
    602.574
    518.210
    597.062
    628.295
    548.443
    622.255
    583.597
    582.760
    571.960
    526.151
    599.971
    591.508
    488.843
    608.199
    525.779
    604.250
    553.541
    578.578
    565.479
    585.519
    571.966
    571.509
    599.277
    550.071
    532.201
    618.110
    603.657
    588.205
    600.175
    481.594
    586.666
    597.694
    573.354
    586.105
    574.204
    615.884
    461.913
    554.241
    529.791
    565.301
    574.623
    597.046
    478.385
    532.118
    636.330
    589.727
    575.442
    560.812
    599.291
    566.686
    602.149
    594.013
    584.285
    558.166
    558.416
    480.203
    565.681
    579.916
    597.904
    581.761
    544.412
    530.567
    618.125
    558.144
    583.507
    534.075
    595.234
    627.896
    600.487
    575.072
    585.895
    588.874
    578.724
    532.576
    534.355
    572.743
    600.400
    581.017
    518.474
    580.101
    539.002
    539.183
    550.819
    573.031
    510.144
    614.216
    578.005
    589.135
    596.505
    624.730
    593.492
    606.127
    539.635
    610.505
    519.624
    512.076
    607.026
    558.259
    562.047
    601.734
    574.376
    571.279
    532.373
    571.942
    575.341
    577.703
    535.117
    545.256
    530.900
    555.846
    598.560
    616.744
    535.509
    591.299
    505.079
    531.113
    538.566
    560.218
    565.458
    612.801
    575.739
    551.265
    557.260
    557.068
    468.867
    604.307
    504.767
    592.382
    573.903
    584.032
    576.098
    563.927
    614.373
    576.754
    479.632
    587.776
    527.393
    499.264
    540.167
    487.458
    529.106
    576.953
    440.843
    509.124
    603.838
    531.567
    566.613
    591.977
    457.631
    543.719
    460.140
    481.114
    565.174
    615.165
    512.651
    620.487
    586.071
    503.516
    596.649
    580.099
    574.851
    508.775
    595.226
    643.922
    603.077
    613.296
    554.837
    570.640
    540.344
    501.819
    547.642
    520.149
    612.158
    552.723
    581.843
    584.039
    602.497
    495.674
    615.619
    569.091
    494.832
    612.778
    532.087
    563.470
    585.984
    573.852
    540.414
    522.145
    545.877
    535.507
    540.281
    535.674
    622.304
    503.840
    524.935
    478.754
    715.879
    666.012
    741.732
    669.678
    672.834
    658.115
    695.714
    696.264
    707.693
    741.212
    702.006
    693.134
    682.066
    664.576
    690.918
    766.954
    713.396
    716.959
    657.130
    665.195
    709.480
    766.697
    730.218
    725.368
    630.466
    736.151
    588.283
    681.132
    722.084
    682.634
    771.598
    747.609
    679.760
    767.009
    615.237
    768.520
    650.597
    708.898
    663.811
    730.107
    702.577
    744.750
    657.539
    682.111
    690.015
    687.871
    660.943
    697.194
    661.065
    680.691
    595.851
    674.929
    650.625
    689.746
    653.670
    677.587
    593.661
    682.354
    749.687
    628.065
    651.352
    700.035
    754.481
    738.855
    724.217
    694.578
    714.110
    671.022
    690.131
    688.335
    616.299
    678.309
    695.962
    709.817
    671.936
    720.305
    695.303
    734.324
    614.321
    648.522
    687.792
    617.212
    697.082
    675.252
    648.361
    614.364
    733.687
    642.311
    629.353
    658.618
    630.281
    725.826
    641.522
    639.859
    648.381
    634.666
    599.332
    683.547
    687.532
    637.088
    638.764
    643.987
    627.919
    608.980
    719.382
    653.275
    637.547
    724.985
    730.046
    624.063
    727.139
    699.162
    725.047
    642.572
    641.468
    646.138
    726.319
    684.638
    747.434
    704.408
    675.548
    658.492
    738.070
    725.712
    698.104
    628.038
    680.648
    761.577
    676.729
    698.958
    640.062
    696.521
    656.876
    729.404
    762.704
    615.770
    750.898
    735.665
    713.126
    697.892
    700.929
    642.403
    686.992
    598.000
    629.274
    661.865
    665.808
    610.094
    704.188
    640.615
    623.631
    679.190
    712.851
    687.962
    676.478
    738.456
    709.722
    718.771
    649.914
    637.356
    651.426
    657.102
    724.932
    726.966
    720.547
    722.015
    736.896
    647.264
    646.306
    692.626
    746.549
    671.635
    707.142
    671.268
    615.066
    618.802
    674.386
    663.678
    734.042
    665.900
    750.480
    716.802
    673.022
    691.771
    666.370
    606.172
    621.600
    704.679
    670.383
    627.155
    611.164
    650.776
    675.895
    643.055
    688.512
    734.323
    727.653
    667.853
    699.978
    652.298
    723.126
    677.026
    657.520
    657.459
    655.437
    710.457
    613.193
    691.828
    753.279
    693.596
    755.678
    724.793
    672.468
    651.122
    678.458
    734.914
    679.012
    672.302
    728.839
    741.042
    720.752
    726.702
    670.565
    734.895
    679.602
    722.331
    755.275
    684.642
    653.050
    652.810
    733.275
    709.213
    710.584
    681.423
    691.806
    730.261
    611.216
    703.465
    720.861
    698.141
    640.327
    680.814
    732.347
    675.015
    667.361
    654.659
    704.892
    678.748
    621.262
    655.749
    725.594
    670.273
    614.858
    680.043
    685.721
    692.486
    717.370
    751.704
    710.061
    735.291
    571.346
    716.041
    731.577
    618.432
    628.260
    682.650
    707.307
    651.463
    693.387
    738.858
    668.292
    695.815
    639.171
    668.261
    760.304
    666.527
    662.884
    658.371
    736.755
    679.062
    631.263
    726.736
    701.487
    749.188
    723.373
    714.246
    756.682
    763.527
    668.591
    751.211
    759.407
    641.623
    699.466
    684.891
    621.794
    697.199
    660.900
    690.564
    671.114
    680.419
    640.261
    671.910
    613.598
    687.212
    709.324
    699.703
    668.171
    737.215
    600.167
    720.882
    760.097
    687.567
    628.491
    678.539
    680.530
    681.685
    663.293
    712.306
    711.727
    634.348
    628.483
    673.403
    634.138
    634.101
    703.907
    648.188
    599.261
    674.364
    624.220
    683.362
    678.641
    711.388
    663.305
    696.960
    661.592
    722.796
    622.989
    633.002
    632.439
    614.388
    669.649
    596.870
    630.578
    649.454
    643.204
    700.908
    648.568
    606.407
    584.220
    680.711
    620.523
    704.148
    637.064
    599.335
    684.942
    731.144
    683.652
    711.111
    661.571
    726.038
    668.510
    733.606
    745.278
    723.484
    659.703
    701.808
    727.847
    697.347
    687.518
    648.919
    696.253
    678.875
    711.751
    626.965
    694.252
    665.114
    700.690
    728.302
    686.553
    733.309
    670.115
    656.536
    708.040
    662.703
    777.364
    753.023
    683.161
    678.175
    735.561
    735.065
    739.282
    696.801
    634.399
    732.557
    705.347
    721.244
    744.894
    718.034
    741.911
    635.748
    644.938
    741.690
    739.365
    672.652
    746.117
    698.809
    668.661
    653.424
    667.571
    696.867
    667.091
    667.017
    729.663
    706.883
    629.066
    635.426
    705.166
    648.080
    657.240
    711.378
    611.299
    746.512
    681.084
    645.178
    725.387
    619.308
    645.249
    720.935
    666.983
    704.553
    703.115
    633.514
    714.431
    671.487
    714.810
    668.335
    692.358
    725.851
    634.295
    732.915
    655.522
    592.474
    677.659
    629.103
    673.302
    717.075
    704.607
    733.718
    747.270
    773.169
    754.598
    648.517
    742.567
    777.834
    719.423
    663.956
    667.857
    603.210
    744.120
    736.144
    778.655
    752.382
    637.527
    637.812
    747.165
    764.819
    641.212
    722.989
    758.818
    774.224
    754.203
    642.810
    743.772
    630.457
    719.558
    647.202
    655.597
    705.659
    749.466
    663.412
    644.867
    736.818
    619.342
    670.458
    636.216
    666.235
    674.797
    689.347
    704.377
    728.878
    753.918
    712.780
    703.769
    736.942
    745.764
    710.900
    658.442
    627.476
    733.978
    678.413
    864.912
    684.102
    808.252
    798.001
    982.003
    814.790
    816.191
    971.411
    821.043
    893.073
    771.254
    927.823
    929.387
    871.790
    767.711
    751.749
    714.473
    807.459
    850.473
    818.582
    876.188
    732.160
    956.002
    884.983
    903.264
    953.881
    887.182
    962.480
    973.671
    935.279
    910.059
    919.181
    866.910
    960.291
    763.555
    962.702
    924.095
    753.827
    971.158
    968.245
    708.093
    963.406
    898.054
    836.838
    792.928
    771.953
    836.955
    981.175
    732.649
    816.744
    927.679
    744.499
    924.333
    752.100
    747.361
    798.772
    985.637
    803.651
    888.067
    909.912
    860.032
    855.246
    870.112
    718.687
    925.601
    935.065
    814.849
    785.308
    884.774
    816.815
    747.743
    922.727
    923.637
    971.827
    862.804
    916.828
    947.219
    968.231
    787.543
    885.993
    864.896
    905.555
    957.958
    880.631
    869.382
    966.085
    872.255
    955.415
    916.612
    816.710
    928.840
    931.620
    914.890
    935.412
    870.443
    742.826
    880.745
    852.079
    982.229
    794.929
    947.219
    825.066
    942.277
    754.231
    984.042
    790.261
    837.907
    813.659
    837.037
    863.879
    944.056
    768.621
    960.166
    740.443
    948.440
    962.137
    774.239
    825.572
    810.783
    765.983
    870.616
    709.840
    856.011
    761.024
    948.998
    768.392
    958.060
    779.214
    872.382
    731.440
    761.984
    953.424
    740.054
    801.801
    718.816
    746.864
    853.645
    967.910
    725.909
    786.398
    863.016
    893.834
    872.851
    987.592
    951.496
    898.499
    968.395
    859.306
    916.628
    862.540
    871.703
    906.707
    753.843
    930.312
    851.332
    938.023
    830.864
    944.787
    887.865
    812.451
    757.232
    855.351
    864.707
    946.156
    682.598
    919.071
    961.115
    862.882
    870.270
    789.995
    909.802
    959.342
    972.174
    926.824
    884.279
    819.576
    905.001
    891.083
    917.490
    905.664
    839.255
    874.308
    884.205
    738.305
    916.836
    757.996
    730.381
    913.994
    925.432
    929.615
    707.428
    955.319
    777.233
    956.491
    946.151
    895.932
    901.136
    931.615
    924.850
    930.582
    930.509
    618.602
    935.336
    933.379
    867.660
    934.056
    785.701
    950.997
    775.567
    944.977
    788.189
    898.646
    810.223
    947.530
    836.937
    911.576
    957.995
    883.470
    789.307
    918.590
    858.120
    892.300
    833.099
    901.575
    980.621
    807.675
    774.145
    973.127
    886.773
    893.630
    939.354
    927.811
    753.158
    957.322
    875.002
    831.798
    782.672
    927.133
    748.116
    935.579
    918.623
    981.904
    952.108
    776.068
    993.896
    961.115
    755.923
    941.249
   1004.496
    858.222
    744.232
    861.980
    946.573
    726.679
    968.540
    988.738
    937.844
    881.628
    895.633
    894.971
    722.756
    868.661
    877.879
    870.421
    908.068
    913.867
    868.679
    900.048
    887.209
    869.428
    926.480
    878.455
    800.039
    851.668
    746.483
    796.147
    874.679
    774.346
    907.032
    900.905
    837.248
    821.878
    796.100
    921.841
    941.138
    757.896
    847.083
    854.336
    775.318
    871.419
    952.254
    837.972
    740.529
    888.820
    948.609
    869.931
    919.903
    948.309
    922.634
    781.156
    912.920
    755.102
    946.656
    934.322
    827.822
    761.042
    836.679
    936.824
    933.982
    908.452
    875.284
    749.814
    946.438
    817.551
    972.955
    911.127
    911.558
    907.084
    962.996
    911.299
    935.316
    867.902
    944.278
    728.674
    861.160
    882.023
    929.723
    849.378
    906.429
    906.745
    691.589
    959.243
    759.541
    707.919
    900.677
    953.173
    914.144
    972.565
    775.116
    957.790
    956.958
    877.617
    882.552
    849.314
    893.476
    775.424
    910.284
    916.741
    947.090
    895.402
    873.357
    922.760
    918.023
    755.083
    957.000
    868.365
    807.778
    874.360
    836.685
    939.023
    955.004
    956.990
    926.172
    981.091
    970.878
    918.372
    884.255
    836.399
    800.464
    766.837
    950.389
    879.616
    880.952
    751.431
    881.449
    897.151
    892.817
    788.311
    814.192
    941.227
    900.719
    940.240
    837.706
    676.627
    829.398
    819.136
    898.721
    736.553
    773.726
    781.409
    834.850
    789.086
    722.387
    913.351
    779.403
    742.853
    866.713
    755.153
    811.002
    813.956
    806.265
    866.382
    716.258
    804.548
    912.332
    856.511
    897.000
    823.644
    770.722
    696.183
    901.296
    853.824
    976.965
    760.927
    947.895
    728.925
    847.877
    791.910
    827.421
    929.931
    945.440
    797.366
    938.145
    887.233
    818.618
    926.527
    863.229
    816.676
    818.185
    819.597
    796.319
    960.445
    755.446
    911.312
    897.029
    817.451
    806.307
    838.647
    803.393
    882.278
    740.309
    768.525
    813.067
    843.351
    939.703
    905.571
    840.120
    854.962
    805.393
    902.253
    887.948
    771.605
    915.925
    923.399
    942.568
    695.541
    935.460
    938.191
    923.040
    975.342
    851.279
    802.359
    806.982
    874.760
    857.267
    971.471
    763.294
    807.125
    944.655
    840.459
    782.568
    786.563
    755.796
    927.975
    888.731
    784.868
    894.822
    841.421
    826.186
    838.827
    853.675
    837.350
    899.233
    833.975
    909.224
    833.072
    858.187
    941.440
    944.429
    867.857
    917.304
    812.660
    821.215
    898.719
    842.508
    868.085
    789.871
    842.784
    926.251
    846.813
    889.154
    818.751
    905.858
    947.530
    931.681
    858.193
    946.947
    962.935
    875.789
    838.230
    895.324
    981.910
    793.157
    941.391
    887.114
    874.871
    870.294
    792.210
    896.645
    974.153
    903.429
    832.444
    918.747
    956.621
    886.966
    895.672
    896.766
    820.197
    896.105
    932.534
    930.013
    912.777
    769.574
    844.201
    909.039
    890.673
    962.131
    886.111
    931.200
    849.235
    886.506
    808.003
    897.944
    994.617
    930.549
    891.356
    931.243
    907.664
    884.430
    880.339
    955.310
    863.588
    904.442
    869.761
    861.365
    863.487
    862.027
    820.288
    850.451
    877.840
    922.991
    828.492
    837.206
    941.612
    952.835
    969.121
    972.251
    939.082
    958.537
    859.165
    901.246
    834.269
    912.362
    855.805
    957.587
    983.959
    891.695
    897.946
    857.723
    921.583
    924.098
    980.327
    999.109
    781.369
    886.363
    992.565
    951.745
    861.490
    906.747
    893.114
    912.189
    930.224
    869.834
    869.136
    892.740
    845.051
    979.596
    866.006
    920.136
    971.309
    859.061
    954.437
    883.011
    971.577
    953.135
    919.665
    888.366
    968.284
    855.478
    955.031
    902.079
    962.213
    912.070
    995.921
    987.217
    941.049
    913.294
    969.017
    962.310
    992.532
    923.997
    923.691
    913.699
    940.798
    953.610
    833.142
    883.092
    846.051
    914.699
    930.446
    897.162
    881.587
    899.219
    934.891
    959.220
    862.564
    905.635
    916.920
    966.325
    885.795
    863.160
    941.137
    927.418
    959.375
    901.818
    870.133
    975.181
    953.807
    929.638
    763.708
    923.531
    949.817
    873.270
    873.294
    921.277
    954.607
    912.153
    950.861
    976.328
    983.786
    898.756
    970.047
    923.125
    919.194
    958.958
    956.696
    851.366
    936.217
    879.358
    843.449
    935.139
    938.701
    922.188
    916.809
    933.501
    898.258
    930.862
    826.080
    928.973
    954.909
    981.696
    960.668
    901.104
    872.253
   1014.076
    957.107
    959.345
    901.948
    932.947
    936.912
    960.090
    971.489
    933.952
    968.106
    900.947
    917.794
    950.497
    919.524
    954.514
    951.518
    968.537
    927.125
    800.757
    922.151
    859.811
    935.470
    835.982
    965.041
    891.039
    867.720
    865.260
    874.919
    904.590
    921.075
    946.854
    837.760
    767.234
    869.985
    840.246
    959.371
    912.313
    843.059
    937.556
    893.140
    848.024
   1004.166
    980.281
    893.193
    847.432
    824.605
    885.013
    844.529
    902.283
    895.586
    894.650
    894.592
    999.829
    819.515
    985.022
    989.527
    946.477
    932.627
    890.298
    859.954
    951.450
    863.647
    948.215
    897.592
    906.088
    808.062
    915.959
    834.708
    920.181
    945.721
    908.260
    953.936
    879.686
    949.267
    828.005
    945.221
    834.497
    892.348
    925.920
    861.883
    942.841
    878.928
    953.639
    916.950
    957.395
    840.114
    894.122
    964.821
    917.712
    854.753
    975.648
    965.039
    814.549
    836.571
    829.406
    925.430
    890.283
    908.908
    959.369
    884.236
    959.737
    806.755
    959.070
    924.121
    876.318
    906.941
    962.106
    892.994
    823.458
    933.650
    907.303
    905.909
    904.912
    937.535
    913.028
    965.614
    905.193
    875.574
    917.892
    864.648
    916.960
    850.276
    823.053
    889.582
    915.665
    970.951
    943.153
    928.529
    861.139
    885.293
    907.771
    882.263
    859.096
    887.009
    924.593
    882.751
    865.978
    877.973
    914.453
    890.261
    871.355
    856.489
    952.068
    922.335
    854.888
    922.648
    961.603
    929.654
    934.942
    945.953
    980.449
    916.737
    936.084
    940.053
    902.243
    981.694
    983.710
    968.258
    945.554
    867.527
    953.132
    932.174
    946.623
    904.807
    941.596
    931.154
    911.035
    903.756
    891.638
    880.258
    962.713
    874.730
    873.251
    930.624
    916.884
    876.869
    888.871
    916.036
    833.032
    949.686
    843.596
    920.016
    949.950
    939.848
    936.088
    930.922
    909.831
    796.385
    899.884
    845.295
    868.624
    863.785
    917.369
    998.255
    935.438
    924.768
    892.886
    907.974
    890.263
    983.474
    870.665
    906.251
    874.177
    862.717
    946.564
    906.782
    894.035
    918.911
    933.371
    828.060
    944.029
    852.739
    918.313
    822.302
    883.836
    910.206
    908.369
    961.533
    852.921
    913.097
    868.967
    895.495
    864.364
    914.642
    875.034
    844.211
    909.659
    891.512
    909.040
    924.404
    923.087
    844.629
    930.229
    892.769
    974.292
    937.432
    900.999
    939.227
    783.253
    930.631
    932.754
    878.294
    976.886
    968.787
    761.266
    906.215
    861.290
    991.858
    981.597
    943.131
    885.721
    971.803
    819.612
    941.137
    869.007
    991.871
    947.856
    986.074
    952.477
    920.650
    880.694
    956.370
    933.907
    876.604
    886.815
    886.668
    940.742
    990.786
    850.904
    947.384
    870.029
    888.409
    909.792
    960.841
    958.939
    959.643
    831.261
    921.819
    949.735
    940.594
    952.064
    832.897
    915.785
    824.496
    979.303
    928.437
    960.062
    824.065
    959.282
    876.183
    903.433
    984.074
    849.284
    860.513
    933.394
    940.585
    902.319
    935.915
    984.064
    965.719
    933.036
    955.928
    900.562
    900.739
    910.688
    969.070
    858.180
    932.172
    925.086
    971.554
    827.637
    969.560
    912.123
    945.368
    771.158
    971.083
   1058.522
    978.592
    978.759
   1058.003
    984.548
   1094.110
    920.476
   1094.410
   1107.991
    957.391
   1061.453
   1007.586
   1063.363
   1039.516
   1027.126
   1079.291
   1065.561
   1124.345
   1078.134
   1061.335
   1014.833
   1112.783
   1085.639
   1096.702
   1056.463
   1042.856
    992.768
   1077.703
   1055.733
    972.201
   1045.259
   1012.733
   1044.921
   1085.002
   1033.267
   1007.158
   1050.060
   1068.834
   1054.453
   1061.535
   1005.903
    985.096
   1125.223
   1078.535
   1093.191
   1086.797
   1081.355
    943.779
   1047.970
   1008.758
   1075.881
   1041.078
   1119.600
   1021.541
   1055.434
    994.709
   1054.811
   1119.704
   1037.999
   1057.463
   1041.783
   1077.067
   1005.921
   1016.379
   1074.386
    976.561
   1018.824
   1053.623
   1002.640
    986.418
    979.137
   1095.865
    974.783
   1117.887
   1095.296
   1098.354
    992.445
   1100.732
   1113.334
   1033.754
   1084.858
   1035.198
    921.183
   1146.129
   1040.770
   1057.624
   1092.238
    959.458
   1064.582
   1042.224
    915.771
   1108.900
    956.955
   1057.384
   1093.404
   1110.625
   1033.568
   1077.544
    938.854
   1011.982
   1048.465
    984.213
   1026.472
   1033.737
   1065.032
   1088.415
   1023.323
   1074.143
   1110.976
   1138.876
   1047.592
   1050.855
    996.463
   1075.436
   1081.048
   1091.646
   1078.740
   1046.988
   1077.605
   1048.250
   1042.458
   1005.400
   1023.668
   1078.639
   1065.079
   1111.465
   1148.407
    901.792
    964.706
   1080.159
   1034.952
   1073.093
   1049.300
   1087.538
   1016.516
   1053.513
   1032.231
   1095.634
    984.044
   1096.745
   1017.057
   1061.217
   1058.654
   1040.264
   1004.905
   1000.921
    978.179
   1030.660
    987.409
    967.203
   1064.031
   1077.856
   1045.924
   1048.541
   1076.916
    957.319
    887.905
    995.374
   1123.864
   1029.121
   1076.083
   1119.136
    997.277
   1149.369
   1065.761
    969.983
   1026.687
   1062.384
   1046.610
   1059.485
   1059.989
   1076.400
   1048.314
   1050.481
   1080.804
   1094.914
   1068.928
   1032.994
   1028.732
   1088.866
   1047.522
   1032.523
   1086.355
   1051.596
   1089.286
   1087.262
   1022.051
   1059.834
    996.916
    892.100
    959.607
   1058.417
    908.200
   1014.260
   1078.683
   1052.751
   1098.692
   1111.907
   1122.664
   1015.718
   1073.488
   1002.109
   1037.586
    996.020
   1088.029
    965.849
   1026.044
    968.212
    981.992
   1028.497
   1043.856
   1036.050
   1087.280
   1048.304
   1060.554
   1058.877
   1089.115
   1063.398
   1147.154
   1017.284
   1057.691
   1092.247
   1045.551
   1062.882
   1064.574
   1115.456
    947.334
   1037.378
   1081.499
   1070.493
   1091.668
   1081.367
   1084.767
   1019.913
   1045.859
   1064.063
   1104.861
   1019.120
   1060.980
   1017.274
   1118.093
   1106.545
   1054.811
   1103.063
   1074.316
   1093.687
   1011.002
   1118.225
   1078.963
   1039.771
   1063.199
   1148.812
   1039.979
    891.201
   1056.369
   1068.600
   1033.652
   1142.916
   1076.352
   1119.821
   1023.554
   1103.341
   1033.189
   1101.798
   1087.002
    991.767
    994.974
   1023.938
    945.543
   1061.334
   1042.205
   1120.681
   1052.191
   1127.080
    966.168
   1064.864
   1116.230
   1127.787
    969.096
   1063.844
   1066.987
    981.791
   1120.499
   1057.136
   1119.227
   1021.311
   1044.297
   1012.015
   1036.712
   1082.216
    981.323
    905.050
   1069.036
   1040.340
   1109.355
   1094.095
   1099.688
   1035.869
   1051.566
   1029.637
   1068.457
   1018.012
   1075.602
    996.750
   1015.225
   1051.339
   1112.132
   1038.655
   1058.394
    950.509
    982.428
   1016.405
   1077.080
   1041.199
   1095.044
   1049.461
   1092.721
   1017.164
   1076.819
    983.474
   1158.252
   1034.216
   1026.611
   1065.402
    941.778
   1025.826
   1024.344
   1080.728
   1027.834
   1070.719
    942.259
    974.299
   1072.252
   1072.162
    968.815
   1082.191
   1082.890
   1058.072
   1014.041
   1077.158
   1032.466
   1064.552
   1031.382
    926.558
    968.040
    996.944
   1022.513
   1081.531
   1062.350
   1020.325
   1053.129
   1102.809
   1017.922
   1043.328
   1006.087
   1001.680
    933.950
   1069.170
   1030.934
   1069.052
    920.878
   1061.952
   1011.276
   1005.761
   1046.402
   1114.754
   1038.425
    997.464
   1031.766
    952.226
   1087.459
   1095.960
   1058.023
   1045.761
   1063.424
   1069.072
   1052.247
   1060.363
   1029.862
   1025.230
   1081.549
   1033.244
   1093.687
   1047.171
   1018.981
    943.457
   1089.193
   1106.390
   1129.364
   1110.264
   1118.343
   1058.156
   1003.205
    958.348
   1094.229
   1064.389
   1065.347
   1106.047
   1054.951
   1025.835
   1065.214
   1100.295
   1025.428
   1069.590
   1022.500
   1087.110
   1105.195
   1115.537
   1011.640
   1101.592
   1069.719
   1028.530
   1071.410
   1001.029
   1101.452
   1007.602
   1101.535
    977.870
   1117.133
    990.185
   1029.059
   1110.837
   1031.327
   1104.724
    990.948
   1036.946
   1027.975
   1096.572
   1040.813
   1072.359
   1000.178
   1024.568
   1061.544
   1034.321
   1073.442
   1027.786
    969.348
   1043.688
   1053.040
    957.317
   1054.078
   1054.069
    966.781
   1062.485
   1021.453
   1061.174
   1024.636
   1079.806
   1006.114
    982.372
   1088.261
   1097.074
   1077.105
   1121.528
   1082.959
   1092.959
   1103.020
   1126.712
   1019.764
   1060.959
   1099.715
   1061.754
   1084.687
   1035.678
   1128.284
    988.998
   1079.011
   1025.262
   1064.533
   1012.038
   1071.603
   1032.297
   1085.796
   1051.855
   1128.885
   1031.474
   1011.925
   1066.353
   1020.687
   1018.057
   1081.903
   1050.679
   1075.518
   1013.719
   1090.412
   1025.034
   1098.632
   1027.489
   1015.670
   1060.379
   1097.695
   1067.955
   1047.396
   1075.209
   1061.942
   1044.435
   1086.012
    983.018
   1044.179
   1099.561

